55.314583,19.293750,-91.00
55.097917,19.568750,-97.00
55.002083,19.989583,-26.00
55.885417,19.135417,-87.00
55.743750,18.997917,-87.00
55.556250,19.289583,-80.00
55.477083,19.510417,-93.00
55.152083,20.222917,-48.00
55.347917,20.035417,-66.00
55.397917,19.431250,-91.00
55.664583,19.681250,-80.00
55.456250,19.081250,-85.00
55.181250,20.106250,-55.00
54.527083,19.664583,-30.00
55.168750,19.714583,-83.00
55.677083,19.018750,-85.00
55.072917,19.731250,-75.00
55.193750,19.497917,-98.00
55.660417,19.810417,-81.00
55.247917,19.172917,-87.00
55.306250,19.935417,-69.00
55.314583,19.927083,-69.00
55.010417,19.502083,-95.00
54.731250,19.522917,-92.00
54.602083,19.672917,-35.00
55.231250,19.652083,-100.00
54.972917,20.360417,-19.00
55.506250,19.422917,-88.00
55.381250,19.547917,-97.00
55.222917,20.102083,-55.00
55.527083,19.097917,-87.00
55.722917,19.172917,-78.00
55.506250,19.777083,-91.00
55.131250,19.285417,-100.00
55.035417,19.443750,-100.00
55.056250,19.252083,-103.00
55.522917,19.693750,-91.00
54.727083,19.443750,-97.00
55.235417,19.314583,-95.00
55.493750,19.189583,-85.00
55.693750,19.639583,-76.00
55.260417,19.764583,-83.00
55.368750,20.472917,-37.00
55.468750,20.127083,-54.00
55.406250,19.772917,-95.00
54.802083,19.589583,-84.00
55.281250,20.831250,-27.00
55.293750,19.502083,-96.00
55.597917,19.327083,-82.00
54.560417,19.681250,-32.00
54.777083,19.956250,-6.00
55.239583,20.193750,-49.00
55.272917,20.272917,-43.00
55.302083,19.285417,-90.00
55.139583,19.506250,-98.00
55.360417,19.431250,-93.00
54.585417,19.685417,-32.00
54.493750,19.672917,-11.00
55.260417,19.556250,-99.00
55.297917,20.735417,-27.00
55.589583,19.039583,-87.00
55.181250,19.593750,-100.00
55.339583,20.752083,-25.00
55.347917,20.168750,-47.00
55.360417,19.097917,-85.00
54.777083,19.860417,-24.00
55.381250,19.056250,-85.00
55.289583,20.502083,-28.00
55.368750,19.543750,-97.00
55.481250,19.906250,-87.00
55.477083,19.460417,-91.00
55.314583,20.289583,-39.00
55.489583,19.893750,-87.00
55.306250,19.547917,-98.00
54.777083,19.452083,-100.00
54.881250,19.822917,-33.00
54.552083,19.506250,-68.00
54.735417,19.485417,-94.00
55.193750,19.522917,-99.00
55.481250,19.322917,-83.00
55.268750,20.589583,-26.00
55.193750,19.793750,-67.00
54.993750,20.489583,-16.00
54.727083,19.843750,-26.00
55.131250,19.952083,-63.00
55.297917,20.685417,-29.00
55.352083,20.664583,-29.00
54.806250,19.710417,-46.00
55.339583,20.497917,-34.00
55.606250,19.860417,-84.00
55.077083,19.222917,-101.00
55.914583,19.072917,-110.00
55.514583,20.231250,-60.00
55.402083,20.089583,-51.00
54.972917,20.143750,-20.00
55.202083,19.564583,-100.00
55.614583,19.947917,-83.00
54.977083,20.377083,-20.00
55.297917,19.147917,-84.00
55.264583,20.018750,-64.00
55.252083,19.697917,-97.00
54.627083,19.639583,-48.00
54.597917,19.447917,-80.00
55.235417,20.260417,-45.00
55.189583,20.564583,-29.00
55.247917,20.252083,-46.00
54.518750,19.597917,-49.00
55.281250,19.877083,-74.00
55.152083,19.547917,-99.00
55.456250,20.122917,-50.00
55.139583,19.889583,-65.00
55.068750,19.435417,-99.00
54.718750,19.531250,-91.00
55.677083,19.627083,-78.00
55.506250,19.052083,-85.00
55.810417,19.314583,-65.00
55.839583,19.293750,-65.00
55.639583,19.322917,-78.00
55.347917,20.377083,-36.00
55.260417,20.918750,-8.00
55.352083,20.318750,-37.00
55.202083,20.306250,-43.00
55.177083,19.472917,-98.00
55.006250,19.914583,-43.00
55.360417,19.477083,-94.00
55.047917,19.547917,-93.00
54.872917,19.677083,-60.00
55.860417,18.985417,-97.00
54.889583,19.747917,-50.00
55.206250,19.627083,-100.00
55.243750,19.897917,-64.00
55.352083,20.527083,-36.00
54.677083,19.464583,-90.00
55.368750,19.456250,-94.00
54.972917,19.368750,-104.00
55.785417,19.035417,-91.00
55.614583,19.118750,-88.00
55.656250,19.706250,-81.00
55.618750,19.031250,-89.00
55.227083,20.227083,-47.00
54.881250,19.431250,-104.00
55.256250,20.110417,-55.00
55.647917,19.535417,-80.00
55.177083,19.235417,-96.00
55.202083,20.093750,-56.00
55.193750,20.222917,-47.00
54.777083,19.368750,-106.00
55.310417,20.468750,-31.00
55.272917,20.639583,-25.00
55.314583,19.347917,-92.00
55.160417,19.510417,-98.00
55.377083,19.556250,-97.00
55.631250,19.010417,-87.00
55.264583,20.627083,-25.00
55.668750,19.472917,-79.00
55.435417,19.710417,-95.00
55.131250,19.747917,-76.00
55.206250,19.581250,-100.00
55.593750,19.635417,-85.00
55.556250,19.706250,-89.00
54.664583,19.393750,-90.00
54.935417,19.689583,-61.00
54.522917,19.614583,-45.00
55.439583,19.502083,-94.00
55.302083,20.197917,-46.00
55.385417,19.535417,-97.00
55.122917,19.739583,-77.00
55.285417,20.643750,-27.00
55.164583,20.043750,-59.00
55.085417,20.339583,-38.00
55.231250,19.668750,-100.00
55.552083,20.081250,-78.00
55.197917,20.072917,-58.00
55.497917,19.664583,-93.00
54.660417,19.468750,-85.00
55.406250,19.789583,-94.00
55.485417,19.214583,-81.00
55.489583,19.064583,-85.00
55.860417,19.160417,-75.00
55.152083,20.006250,-61.00
55.139583,19.510417,-98.00
54.747917,19.660417,-49.00
55.181250,19.877083,-65.00
55.368750,19.685417,-98.00
55.360417,19.135417,-83.00
54.618750,19.743750,-23.00
55.352083,20.406250,-36.00
55.118750,19.406250,-99.00
55.056250,19.935417,-56.00
55.256250,20.464583,-29.00
55.631250,19.018750,-89.00
55.402083,19.060417,-85.00
55.189583,20.735417,-20.00
55.081250,19.456250,-99.00
55.264583,19.631250,-100.00
55.360417,20.377083,-37.00
55.085417,19.535417,-97.00
55.464583,19.647917,-95.00
55.527083,19.718750,-90.00
55.172917,19.410417,-97.00
55.777083,19.356250,-66.00
55.177083,20.022917,-61.00
55.218750,20.502083,-30.00
55.356250,19.952083,-79.00
54.677083,19.560417,-75.00
55.506250,19.877083,-87.00
54.856250,19.564583,-88.00
54.522917,19.572917,-54.00
54.814583,19.922917,-16.00
54.831250,19.710417,-49.00
54.956250,19.364583,-104.00
55.185417,19.543750,-100.00
54.981250,19.285417,-105.00
55.377083,19.660417,-98.00
54.839583,19.572917,-88.00
55.377083,19.756250,-95.00
54.968750,20.385417,-17.00
54.727083,19.589583,-75.00
55.397917,20.310417,-40.00
55.247917,19.702083,-96.00
55.185417,19.864583,-65.00
55.318750,19.435417,-93.00
55.597917,19.189583,-83.00
54.785417,19.631250,-69.00
55.435417,19.835417,-92.00
54.960417,20.447917,-7.00
55.772917,19.493750,-69.00
55.310417,19.977083,-65.00
55.493750,19.718750,-92.00
55.297917,19.589583,-100.00
54.627083,19.747917,-23.00
55.564583,19.035417,-87.00
55.097917,19.747917,-75.00
55.447917,20.439583,-39.00
55.264583,20.877083,-23.00
55.402083,20.568750,-36.00
55.343750,19.947917,-78.00
55.522917,19.081250,-86.00
55.052083,19.256250,-103.00
55.602083,19.772917,-85.00
55.093750,20.072917,-59.00
55.118750,19.760417,-74.00
55.118750,20.147917,-54.00
55.331250,19.556250,-98.00
55.572917,19.185417,-83.00
55.102083,20.489583,-29.00
55.406250,19.689583,-97.00
55.468750,19.697917,-94.00
55.685417,19.185417,-79.00
54.960417,20.060417,-16.00
55.131250,19.539583,-98.00
55.422917,20.160417,-47.00
55.135417,20.572917,-30.00
55.052083,19.314583,-103.00
55.147917,20.527083,-31.00
55.310417,20.364583,-35.00
55.268750,19.718750,-95.00
54.718750,19.481250,-92.00
55.156250,20.439583,-34.00
54.964583,19.910417,-29.00
55.093750,20.410417,-32.00
55.527083,19.114583,-87.00
54.952083,19.668750,-66.00
55.506250,19.739583,-92.00
54.997917,19.810417,-50.00
55.043750,19.777083,-67.00
55.389583,19.460417,-92.00
55.281250,19.997917,-65.00
54.872917,19.506250,-96.00
55.710417,19.393750,-74.00
55.185417,19.552083,-100.00
55.447917,20.122917,-51.00
55.610417,19.239583,-82.00
55.589583,19.572917,-86.00
55.410417,19.485417,-94.00
55.343750,19.356250,-90.00
55.052083,20.047917,-50.00
55.093750,20.218750,-49.00
55.268750,20.768750,-25.00
55.643750,19.614583,-80.00
55.477083,19.993750,-80.00
55.393750,19.189583,-80.00
55.764583,19.043750,-88.00
55.606250,19.643750,-84.00
55.289583,20.181250,-48.00
55.452083,19.877083,-89.00
55.627083,19.860417,-83.00
55.697917,19.127083,-85.00
55.210417,19.785417,-69.00
55.264583,20.372917,-39.00
54.893750,19.322917,-107.00
55.622917,19.460417,-85.00
55.327083,20.272917,-39.00
55.560417,19.093750,-87.00
55.181250,20.297917,-45.00
55.031250,19.968750,-45.00
55.672917,19.302083,-77.00
55.043750,20.102083,-45.00
55.152083,19.685417,-87.00
55.131250,20.081250,-58.00
55.264583,20.897917,-18.00
55.047917,20.285417,-33.00
55.302083,19.881250,-75.00
55.310417,19.356250,-92.00
55.606250,19.527083,-84.00
55.668750,19.414583,-77.00
55.622917,19.106250,-88.00
55.122917,20.097917,-56.00
55.468750,19.997917,-78.00
55.252083,20.402083,-36.00
54.656250,19.831250,-17.00
55.027083,20.143750,-35.00
54.593750,19.452083,-80.00
55.722917,19.368750,-71.00
55.060417,20.218750,-43.00
55.256250,19.697917,-97.00
55.189583,20.085417,-57.00
54.856250,19.418750,-106.00
55.360417,20.293750,-38.00
55.339583,19.822917,-93.00
55.181250,19.506250,-98.00
55.356250,19.460417,-94.00
54.835417,19.435417,-104.00
55.568750,20.068750,-80.00
55.402083,20.177083,-46.00
55.227083,19.231250,-91.00
55.610417,19.256250,-81.00
54.677083,19.772917,-26.00
55.047917,20.297917,-32.00
55.872917,19.031250,-100.00
54.589583,19.764583,-16.00
54.939583,19.481250,-100.00
54.952083,20.110417,-8.00
55.297917,19.964583,-67.00
55.393750,19.414583,-90.00
55.277083,19.197917,-86.00
55.114583,20.539583,-27.00
55.731250,19.618750,-74.00
55.660417,19.506250,-80.00
54.947917,19.689583,-60.00
55.064583,20.327083,-35.00
55.464583,19.202083,-79.00
55.735417,19.502083,-72.00
54.822917,19.652083,-62.00
54.977083,19.722917,-62.00
55.031250,20.006250,-44.00
54.997917,20.368750,-24.00
55.614583,19.114583,-88.00
55.085417,19.556250,-96.00
55.202083,19.656250,-99.00
55.877083,18.952083,-107.00
54.622917,19.552083,-73.00
55.727083,19.235417,-73.00
54.693750,19.352083,-94.00
55.302083,19.739583,-96.00
55.210417,19.193750,-90.00
55.447917,19.131250,-85.00
55.085417,20.352083,-37.00
54.877083,19.922917,-8.00
55.456250,19.172917,-81.00
55.443750,19.239583,-81.00
55.239583,20.585417,-26.00
54.652083,19.364583,-88.00
55.702083,19.435417,-75.00
55.831250,19.102083,-87.00
54.539583,19.731250,-12.00
55.006250,19.714583,-67.00
55.914583,18.993750,-108.00
55.214583,19.785417,-69.00
55.456250,19.635417,-96.00
55.202083,20.752083,-20.00
55.764583,19.485417,-71.00
55.714583,19.214583,-75.00
54.977083,20.302083,-17.00
55.356250,20.168750,-46.00
55.522917,20.168750,-71.00
55.214583,20.322917,-44.00
55.039583,20.543750,-21.00
55.047917,20.314583,-32.00
55.481250,20.210417,-51.00
55.260417,19.939583,-64.00
55.122917,20.747917,-9.00
54.731250,19.389583,-100.00
55.185417,19.656250,-97.00
55.310417,20.502083,-30.00
