55.778581,18.961649,-84.00
55.808581,18.961649,-87.00
55.838581,18.961649,-91.00
55.868581,18.961649,-104.00
55.898581,18.961649,-107.00
55.628581,18.991649,-85.00
55.658581,18.991649,-84.00
55.688581,18.991649,-85.00
55.718581,18.991649,-86.00
55.748581,18.991649,-86.00
55.778581,18.991649,-85.00
55.808581,18.991649,-87.00
55.838581,18.991649,-89.00
55.868581,18.991649,-100.00
55.898581,18.991649,-106.00
55.508581,19.021649,-85.00
55.538581,19.021649,-86.00
55.568581,19.021649,-86.00
55.598581,19.021649,-88.00
55.628581,19.021649,-88.00
55.658581,19.021649,-86.00
55.688581,19.021649,-85.00
55.718581,19.021649,-86.00
55.748581,19.021649,-88.00
55.778581,19.021649,-90.00
55.808581,19.021649,-88.00
55.838581,19.021649,-88.00
55.868581,19.021649,-96.00
55.898581,19.021649,-105.00
55.928581,19.021649,-107.00
55.388581,19.051649,-85.00
55.418581,19.051649,-85.00
55.448581,19.051649,-85.00
55.478581,19.051649,-85.00
55.508581,19.051649,-86.00
55.538581,19.051649,-86.00
55.568581,19.051649,-87.00
55.598581,19.051649,-87.00
55.628581,19.051649,-90.00
55.658581,19.051649,-88.00
55.688581,19.051649,-85.00
55.718581,19.051649,-86.00
55.748581,19.051649,-85.00
55.778581,19.051649,-90.00
55.808581,19.051649,-89.00
55.838581,19.051649,-99.00
55.868581,19.051649,-105.00
55.898581,19.051649,-107.00
55.328581,19.081649,-84.00
55.358581,19.081649,-85.00
55.388581,19.081649,-85.00
55.418581,19.081649,-85.00
55.448581,19.081649,-85.00
55.478581,19.081649,-85.00
55.508581,19.081649,-86.00
55.538581,19.081649,-86.00
55.568581,19.081649,-87.00
55.598581,19.081649,-89.00
55.628581,19.081649,-90.00
55.658581,19.081649,-88.00
55.688581,19.081649,-85.00
55.718581,19.081649,-86.00
55.748581,19.081649,-83.00
55.778581,19.081649,-88.00
55.808581,19.081649,-88.00
55.838581,19.081649,-88.00
55.868581,19.081649,-97.00
55.898581,19.081649,-110.00
55.268581,19.111649,-82.00
55.298581,19.111649,-82.00
55.328581,19.111649,-85.00
55.358581,19.111649,-84.00
55.388581,19.111649,-85.00
55.418581,19.111649,-85.00
55.448581,19.111649,-86.00
55.478581,19.111649,-86.00
55.508581,19.111649,-87.00
55.538581,19.111649,-88.00
55.568581,19.111649,-88.00
55.598581,19.111649,-88.00
55.628581,19.111649,-88.00
55.658581,19.111649,-88.00
55.688581,19.111649,-85.00
55.718581,19.111649,-84.00
55.748581,19.111649,-81.00
55.778581,19.111649,-81.00
55.808581,19.111649,-84.00
55.838581,19.111649,-84.00
55.868581,19.111649,-94.00
55.898581,19.111649,-103.00
55.208581,19.141649,-86.00
55.238581,19.141649,-84.00
55.268581,19.141649,-83.00
55.298581,19.141649,-83.00
55.328581,19.141649,-85.00
55.358581,19.141649,-83.00
55.388581,19.141649,-82.00
55.418581,19.141649,-82.00
55.448581,19.141649,-85.00
55.478581,19.141649,-86.00
55.508581,19.141649,-87.00
55.538581,19.141649,-88.00
55.568581,19.141649,-87.00
55.598581,19.141649,-87.00
55.628581,19.141649,-87.00
55.658581,19.141649,-85.00
55.688581,19.141649,-84.00
55.718581,19.141649,-82.00
55.748581,19.141649,-80.00
55.778581,19.141649,-78.00
55.808581,19.141649,-79.00
55.838581,19.141649,-78.00
55.868581,19.141649,-81.00
55.148581,19.171649,-94.00
55.178581,19.171649,-92.00
55.208581,19.171649,-88.00
55.238581,19.171649,-87.00
55.268581,19.171649,-84.00
55.298581,19.171649,-85.00
55.328581,19.171649,-85.00
55.358581,19.171649,-81.00
55.388581,19.171649,-80.00
55.418581,19.171649,-79.00
55.448581,19.171649,-80.00
55.478581,19.171649,-85.00
55.508581,19.171649,-86.00
55.538581,19.171649,-86.00
55.568581,19.171649,-85.00
55.598581,19.171649,-84.00
55.628581,19.171649,-84.00
55.658581,19.171649,-83.00
55.688581,19.171649,-79.00
55.718581,19.171649,-79.00
55.748581,19.171649,-75.00
55.778581,19.171649,-75.00
55.808581,19.171649,-72.00
55.838581,19.171649,-76.00
55.868581,19.171649,-74.00
55.088581,19.201649,-100.00
55.118581,19.201649,-98.00
55.148581,19.201649,-96.00
55.178581,19.201649,-94.00
55.208581,19.201649,-91.00
55.238581,19.201649,-89.00
55.268581,19.201649,-87.00
55.298581,19.201649,-86.00
55.328581,19.201649,-86.00
55.358581,19.201649,-82.00
55.388581,19.201649,-80.00
55.418581,19.201649,-79.00
55.448581,19.201649,-79.00
55.478581,19.201649,-81.00
55.508581,19.201649,-84.00
55.538581,19.201649,-83.00
55.568581,19.201649,-81.00
55.598581,19.201649,-82.00
55.628581,19.201649,-82.00
55.658581,19.201649,-80.00
55.688581,19.201649,-77.00
55.718581,19.201649,-76.00
55.748581,19.201649,-74.00
55.778581,19.201649,-70.00
55.808581,19.201649,-69.00
55.838581,19.201649,-73.00
55.868581,19.201649,-73.00
55.028581,19.231649,-103.00
55.058581,19.231649,-102.00
55.088581,19.231649,-101.00
55.118581,19.231649,-99.00
55.148581,19.231649,-97.00
55.178581,19.231649,-96.00
55.208581,19.231649,-93.00
55.238581,19.231649,-91.00
55.268581,19.231649,-89.00
55.298581,19.231649,-88.00
55.328581,19.231649,-87.00
55.358581,19.231649,-85.00
55.388581,19.231649,-83.00
55.418581,19.231649,-79.00
55.448581,19.231649,-80.00
55.478581,19.231649,-81.00
55.508581,19.231649,-81.00
55.538581,19.231649,-81.00
55.568581,19.231649,-80.00
55.598581,19.231649,-83.00
55.628581,19.231649,-81.00
55.658581,19.231649,-79.00
55.688581,19.231649,-77.00
55.718581,19.231649,-74.00
55.748581,19.231649,-71.00
55.778581,19.231649,-70.00
55.808581,19.231649,-64.00
55.838581,19.231649,-71.00
54.968581,19.261649,-105.00
54.998581,19.261649,-105.00
55.028581,19.261649,-104.00
55.058581,19.261649,-102.00
55.088581,19.261649,-101.00
55.118581,19.261649,-101.00
55.148581,19.261649,-99.00
55.178581,19.261649,-97.00
55.208581,19.261649,-95.00
55.238581,19.261649,-92.00
55.268581,19.261649,-90.00
55.298581,19.261649,-89.00
55.328581,19.261649,-88.00
55.358581,19.261649,-87.00
55.388581,19.261649,-86.00
55.418581,19.261649,-85.00
55.448581,19.261649,-83.00
55.478581,19.261649,-80.00
55.508581,19.261649,-80.00
55.538581,19.261649,-80.00
55.568581,19.261649,-81.00
55.598581,19.261649,-81.00
55.628581,19.261649,-80.00
55.658581,19.261649,-78.00
55.688581,19.261649,-75.00
55.718581,19.261649,-73.00
55.748581,19.261649,-70.00
55.778581,19.261649,-70.00
55.808581,19.261649,-65.00
55.838581,19.261649,-69.00
54.938581,19.291649,-106.00
54.968581,19.291649,-105.00
54.998581,19.291649,-104.00
55.028581,19.291649,-104.00
55.058581,19.291649,-103.00
55.088581,19.291649,-102.00
55.118581,19.291649,-101.00
55.148581,19.291649,-99.00
55.178581,19.291649,-98.00
55.208581,19.291649,-96.00
55.238581,19.291649,-94.00
55.268581,19.291649,-94.00
55.298581,19.291649,-90.00
55.328581,19.291649,-90.00
55.358581,19.291649,-88.00
55.388581,19.291649,-87.00
55.418581,19.291649,-86.00
55.448581,19.291649,-84.00
55.478581,19.291649,-81.00
55.508581,19.291649,-80.00
55.538581,19.291649,-80.00
55.568581,19.291649,-80.00
55.598581,19.291649,-80.00
55.628581,19.291649,-80.00
55.658581,19.291649,-78.00
55.688581,19.291649,-75.00
55.718581,19.291649,-74.00
55.748581,19.291649,-71.00
55.778581,19.291649,-68.00
55.808581,19.291649,-66.00
55.838581,19.291649,-65.00
54.698581,19.321649,-95.00
54.728581,19.321649,-100.00
54.878581,19.321649,-107.00
54.908581,19.321649,-107.00
54.938581,19.321649,-106.00
54.968581,19.321649,-105.00
54.998581,19.321649,-104.00
55.028581,19.321649,-103.00
55.058581,19.321649,-103.00
55.088581,19.321649,-102.00
55.118581,19.321649,-100.00
55.148581,19.321649,-99.00
55.178581,19.321649,-98.00
55.208581,19.321649,-97.00
55.238581,19.321649,-95.00
55.268581,19.321649,-95.00
55.298581,19.321649,-93.00
55.328581,19.321649,-91.00
55.358581,19.321649,-89.00
55.388581,19.321649,-88.00
55.418581,19.321649,-87.00
55.448581,19.321649,-85.00
55.478581,19.321649,-83.00
55.508581,19.321649,-80.00
55.538581,19.321649,-82.00
55.568581,19.321649,-82.00
55.598581,19.321649,-81.00
55.628581,19.321649,-79.00
55.658581,19.321649,-77.00
55.688581,19.321649,-75.00
55.718581,19.321649,-72.00
55.748581,19.321649,-70.00
55.778581,19.321649,-66.00
55.808581,19.321649,-65.00
54.668581,19.351649,-91.00
54.698581,19.351649,-95.00
54.728581,19.351649,-99.00
54.758581,19.351649,-104.00
54.788581,19.351649,-106.00
54.818581,19.351649,-108.00
54.848581,19.351649,-108.00
54.878581,19.351649,-107.00
54.908581,19.351649,-107.00
54.938581,19.351649,-105.00
54.968581,19.351649,-104.00
54.998581,19.351649,-103.00
55.028581,19.351649,-102.00
55.058581,19.351649,-102.00
55.088581,19.351649,-101.00
55.118581,19.351649,-100.00
55.148581,19.351649,-99.00
55.178581,19.351649,-98.00
55.208581,19.351649,-96.00
55.238581,19.351649,-95.00
55.268581,19.351649,-95.00
55.298581,19.351649,-93.00
55.328581,19.351649,-91.00
55.358581,19.351649,-90.00
55.388581,19.351649,-89.00
55.418581,19.351649,-87.00
55.448581,19.351649,-87.00
55.478581,19.351649,-84.00
55.508581,19.351649,-82.00
55.538581,19.351649,-82.00
55.568581,19.351649,-84.00
55.598581,19.351649,-84.00
55.628581,19.351649,-82.00
55.658581,19.351649,-77.00
55.688581,19.351649,-74.00
55.718581,19.351649,-72.00
55.748581,19.351649,-70.00
55.778581,19.351649,-66.00
55.808581,19.351649,-64.00
54.638581,19.381649,-85.00
54.668581,19.381649,-91.00
54.698581,19.381649,-95.00
54.728581,19.381649,-99.00
54.758581,19.381649,-103.00
54.788581,19.381649,-106.00
54.818581,19.381649,-108.00
54.848581,19.381649,-108.00
54.878581,19.381649,-107.00
54.908581,19.381649,-107.00
54.938581,19.381649,-105.00
54.968581,19.381649,-104.00
54.998581,19.381649,-103.00
55.028581,19.381649,-102.00
55.058581,19.381649,-101.00
55.088581,19.381649,-101.00
55.118581,19.381649,-100.00
55.148581,19.381649,-99.00
55.178581,19.381649,-98.00
55.208581,19.381649,-96.00
55.238581,19.381649,-95.00
55.268581,19.381649,-95.00
55.298581,19.381649,-93.00
55.328581,19.381649,-91.00
55.358581,19.381649,-90.00
55.388581,19.381649,-90.00
55.418581,19.381649,-89.00
55.448581,19.381649,-88.00
55.478581,19.381649,-85.00
55.508581,19.381649,-85.00
55.538581,19.381649,-85.00
55.568581,19.381649,-85.00
55.598581,19.381649,-85.00
55.628581,19.381649,-82.00
55.658581,19.381649,-77.00
55.688581,19.381649,-75.00
55.718581,19.381649,-72.00
55.748581,19.381649,-71.00
55.778581,19.381649,-69.00
55.808581,19.381649,-64.00
54.638581,19.411649,-85.00
54.668581,19.411649,-90.00
54.698581,19.411649,-94.00
54.728581,19.411649,-98.00
54.758581,19.411649,-102.00
54.788581,19.411649,-104.00
54.818581,19.411649,-106.00
54.848581,19.411649,-105.00
54.878581,19.411649,-106.00
54.908581,19.411649,-105.00
54.938581,19.411649,-104.00
54.968581,19.411649,-103.00
54.998581,19.411649,-102.00
55.028581,19.411649,-101.00
55.058581,19.411649,-100.00
55.088581,19.411649,-100.00
55.118581,19.411649,-99.00
55.148581,19.411649,-98.00
55.178581,19.411649,-97.00
55.208581,19.411649,-96.00
55.238581,19.411649,-95.00
55.268581,19.411649,-94.00
55.298581,19.411649,-94.00
55.328581,19.411649,-92.00
55.358581,19.411649,-91.00
55.388581,19.411649,-90.00
55.418581,19.411649,-90.00
55.448581,19.411649,-89.00
55.478581,19.411649,-87.00
55.508581,19.411649,-87.00
55.538581,19.411649,-87.00
55.568581,19.411649,-87.00
55.598581,19.411649,-85.00
55.628581,19.411649,-84.00
55.658581,19.411649,-78.00
55.688581,19.411649,-75.00
55.718581,19.411649,-74.00
55.748581,19.411649,-71.00
55.778581,19.411649,-69.00
54.608581,19.441649,-82.00
54.638581,19.441649,-84.00
54.668581,19.441649,-90.00
54.698581,19.441649,-93.00
54.728581,19.441649,-97.00
54.758581,19.441649,-100.00
54.788581,19.441649,-102.00
54.818581,19.441649,-104.00
54.848581,19.441649,-104.00
54.878581,19.441649,-104.00
54.908581,19.441649,-103.00
54.938581,19.441649,-104.00
54.968581,19.441649,-102.00
54.998581,19.441649,-101.00
55.028581,19.441649,-100.00
55.058581,19.441649,-99.00
55.088581,19.441649,-99.00
55.118581,19.441649,-99.00
55.148581,19.441649,-98.00
55.178581,19.441649,-97.00
55.208581,19.441649,-96.00
55.238581,19.441649,-95.00
55.268581,19.441649,-94.00
55.298581,19.441649,-93.00
55.328581,19.441649,-93.00
55.358581,19.441649,-93.00
55.388581,19.441649,-91.00
55.418581,19.441649,-91.00
55.448581,19.441649,-90.00
55.478581,19.441649,-90.00
55.508581,19.441649,-89.00
55.538581,19.441649,-89.00
55.568581,19.441649,-88.00
55.598581,19.441649,-86.00
55.628581,19.441649,-85.00
55.658581,19.441649,-80.00
55.688581,19.441649,-75.00
55.718581,19.441649,-74.00
55.748581,19.441649,-72.00
55.778581,19.441649,-69.00
54.578581,19.471649,-76.00
54.608581,19.471649,-81.00
54.638581,19.471649,-83.00
54.668581,19.471649,-87.00
54.698581,19.471649,-92.00
54.728581,19.471649,-94.00
54.758581,19.471649,-97.00
54.788581,19.471649,-100.00
54.818581,19.471649,-100.00
54.848581,19.471649,-102.00
54.878581,19.471649,-101.00
54.908581,19.471649,-100.00
54.938581,19.471649,-101.00
54.968581,19.471649,-99.00
54.998581,19.471649,-98.00
55.028581,19.471649,-98.00
55.058581,19.471649,-98.00
55.088581,19.471649,-98.00
55.118581,19.471649,-99.00
55.148581,19.471649,-98.00
55.178581,19.471649,-98.00
55.208581,19.471649,-97.00
55.238581,19.471649,-96.00
55.268581,19.471649,-95.00
55.298581,19.471649,-94.00
55.328581,19.471649,-95.00
55.358581,19.471649,-94.00
55.388581,19.471649,-94.00
55.418581,19.471649,-94.00
55.448581,19.471649,-92.00
55.478581,19.471649,-91.00
55.508581,19.471649,-91.00
55.538581,19.471649,-90.00
55.568581,19.471649,-88.00
55.598581,19.471649,-86.00
55.628581,19.471649,-84.00
55.658581,19.471649,-80.00
55.688581,19.471649,-75.00
55.718581,19.471649,-73.00
55.748581,19.471649,-72.00
55.778581,19.471649,-69.00
54.578581,19.501649,-73.00
54.608581,19.501649,-79.00
54.638581,19.501649,-80.00
54.668581,19.501649,-84.00
54.698581,19.501649,-89.00
54.728581,19.501649,-92.00
54.758581,19.501649,-95.00
54.788581,19.501649,-97.00
54.818581,19.501649,-97.00
54.848581,19.501649,-98.00
54.878581,19.501649,-97.00
54.908581,19.501649,-97.00
54.938581,19.501649,-96.00
54.968581,19.501649,-95.00
54.998581,19.501649,-95.00
55.028581,19.501649,-96.00
55.058581,19.501649,-97.00
55.088581,19.501649,-98.00
55.118581,19.501649,-98.00
55.148581,19.501649,-98.00
55.178581,19.501649,-98.00
55.208581,19.501649,-97.00
55.238581,19.501649,-97.00
55.268581,19.501649,-96.00
55.298581,19.501649,-95.00
55.328581,19.501649,-96.00
55.358581,19.501649,-95.00
55.388581,19.501649,-95.00
55.418581,19.501649,-94.00
55.448581,19.501649,-93.00
55.478581,19.501649,-92.00
55.508581,19.501649,-92.00
55.538581,19.501649,-91.00
55.568581,19.501649,-88.00
55.598581,19.501649,-85.00
55.628581,19.501649,-84.00
55.658581,19.501649,-80.00
55.688581,19.501649,-74.00
55.718581,19.501649,-72.00
55.748581,19.501649,-71.00
54.548581,19.531649,-65.00
54.578581,19.531649,-70.00
54.608581,19.531649,-75.00
54.638581,19.531649,-77.00
54.668581,19.531649,-80.00
54.698581,19.531649,-86.00
54.728581,19.531649,-91.00
54.758581,19.531649,-92.00
54.788581,19.531649,-93.00
54.818581,19.531649,-94.00
54.848581,19.531649,-93.00
54.878581,19.531649,-93.00
54.908581,19.531649,-92.00
54.938581,19.531649,-92.00
54.968581,19.531649,-90.00
54.998581,19.531649,-91.00
55.028581,19.531649,-93.00
55.058581,19.531649,-96.00
55.088581,19.531649,-97.00
55.118581,19.531649,-98.00
55.148581,19.531649,-99.00
55.178581,19.531649,-99.00
55.208581,19.531649,-99.00
55.238581,19.531649,-98.00
55.268581,19.531649,-97.00
55.298581,19.531649,-97.00
55.328581,19.531649,-97.00
55.358581,19.531649,-97.00
55.388581,19.531649,-96.00
55.418581,19.531649,-95.00
55.448581,19.531649,-94.00
55.478581,19.531649,-93.00
55.508581,19.531649,-92.00
55.538581,19.531649,-91.00
55.568581,19.531649,-88.00
55.598581,19.531649,-85.00
55.628581,19.531649,-82.00
55.658581,19.531649,-79.00
55.688581,19.531649,-75.00
55.718581,19.531649,-72.00
55.748581,19.531649,-72.00
54.518581,19.561649,-55.00
54.548581,19.561649,-62.00
54.578581,19.561649,-66.00
54.608581,19.561649,-70.00
54.638581,19.561649,-73.00
54.668581,19.561649,-74.00
54.698581,19.561649,-80.00
54.728581,19.561649,-86.00
54.758581,19.561649,-88.00
54.788581,19.561649,-88.00
54.818581,19.561649,-90.00
54.848581,19.561649,-89.00
54.878581,19.561649,-88.00
54.908581,19.561649,-87.00
54.938581,19.561649,-86.00
54.968581,19.561649,-84.00
54.998581,19.561649,-83.00
55.028581,19.561649,-88.00
55.058581,19.561649,-93.00
55.088581,19.561649,-97.00
55.118581,19.561649,-98.00
55.148581,19.561649,-99.00
55.178581,19.561649,-100.00
55.208581,19.561649,-99.00
55.238581,19.561649,-99.00
55.268581,19.561649,-99.00
55.298581,19.561649,-99.00
55.328581,19.561649,-98.00
55.358581,19.561649,-98.00
55.388581,19.561649,-97.00
55.418581,19.561649,-96.00
55.448581,19.561649,-95.00
55.478581,19.561649,-94.00
55.508581,19.561649,-93.00
55.538581,19.561649,-90.00
55.568581,19.561649,-88.00
55.598581,19.561649,-85.00
55.628581,19.561649,-81.00
55.658581,19.561649,-80.00
55.688581,19.561649,-75.00
55.718581,19.561649,-73.00
55.748581,19.561649,-71.00
54.518581,19.591649,-50.00
54.548581,19.591649,-57.00
54.578581,19.591649,-62.00
54.608581,19.591649,-64.00
54.638581,19.591649,-66.00
54.668581,19.591649,-68.00
54.698581,19.591649,-69.00
54.728581,19.591649,-75.00
54.758581,19.591649,-82.00
54.788581,19.591649,-83.00
54.818581,19.591649,-84.00
54.848581,19.591649,-83.00
54.878581,19.591649,-82.00
54.908581,19.591649,-81.00
54.938581,19.591649,-80.00
54.968581,19.591649,-79.00
54.998581,19.591649,-78.00
55.028581,19.591649,-80.00
55.058581,19.591649,-88.00
55.088581,19.591649,-93.00
55.118581,19.591649,-96.00
55.148581,19.591649,-99.00
55.178581,19.591649,-100.00
55.208581,19.591649,-100.00
55.238581,19.591649,-100.00
55.268581,19.591649,-100.00
55.298581,19.591649,-100.00
55.328581,19.591649,-99.00
55.358581,19.591649,-98.00
55.388581,19.591649,-98.00
55.418581,19.591649,-96.00
55.448581,19.591649,-95.00
55.478581,19.591649,-95.00
55.508581,19.591649,-93.00
55.538581,19.591649,-91.00
55.568581,19.591649,-88.00
55.598581,19.591649,-85.00
55.628581,19.591649,-82.00
55.658581,19.591649,-78.00
55.688581,19.591649,-75.00
55.718581,19.591649,-74.00
54.488581,19.621649,-30.00
54.518581,19.621649,-42.00
54.548581,19.621649,-48.00
54.578581,19.621649,-52.00
54.608581,19.621649,-56.00
54.638581,19.621649,-56.00
54.668581,19.621649,-56.00
54.698581,19.621649,-57.00
54.728581,19.621649,-68.00
54.758581,19.621649,-72.00
54.788581,19.621649,-73.00
54.818581,19.621649,-72.00
54.848581,19.621649,-74.00
54.878581,19.621649,-74.00
54.908581,19.621649,-76.00
54.938581,19.621649,-75.00
54.968581,19.621649,-75.00
54.998581,19.621649,-74.00
55.028581,19.621649,-72.00
55.058581,19.621649,-79.00
55.088581,19.621649,-89.00
55.118581,19.621649,-92.00
55.148581,19.621649,-96.00
55.178581,19.621649,-99.00
55.208581,19.621649,-100.00
55.238581,19.621649,-100.00
55.268581,19.621649,-100.00
55.298581,19.621649,-101.00
55.328581,19.621649,-99.00
55.358581,19.621649,-99.00
55.388581,19.621649,-98.00
55.418581,19.621649,-97.00
55.448581,19.621649,-96.00
55.478581,19.621649,-94.00
55.508581,19.621649,-92.00
55.538581,19.621649,-90.00
55.568581,19.621649,-87.00
55.598581,19.621649,-84.00
55.628581,19.621649,-81.00
55.658581,19.621649,-78.00
55.688581,19.621649,-77.00
55.718581,19.621649,-75.00
54.488581,19.651649,-17.00
54.518581,19.651649,-33.00
54.548581,19.651649,-40.00
54.578581,19.651649,-43.00
54.608581,19.651649,-43.00
54.638581,19.651649,-42.00
54.668581,19.651649,-39.00
54.698581,19.651649,-40.00
54.728581,19.651649,-48.00
54.758581,19.651649,-58.00
54.788581,19.651649,-58.00
54.818581,19.651649,-61.00
54.848581,19.651649,-65.00
54.878581,19.651649,-68.00
54.908581,19.651649,-69.00
54.938581,19.651649,-69.00
54.968581,19.651649,-71.00
54.998581,19.651649,-72.00
55.028581,19.651649,-71.00
55.058581,19.651649,-74.00
55.088581,19.651649,-84.00
55.118581,19.651649,-89.00
55.148581,19.651649,-92.00
55.178581,19.651649,-96.00
55.208581,19.651649,-100.00
55.238581,19.651649,-100.00
55.268581,19.651649,-100.00
55.298581,19.651649,-100.00
55.328581,19.651649,-99.00
55.358581,19.651649,-99.00
55.388581,19.651649,-98.00
55.418581,19.651649,-97.00
55.448581,19.651649,-96.00
55.478581,19.651649,-94.00
55.508581,19.651649,-92.00
55.538581,19.651649,-90.00
55.568581,19.651649,-87.00
55.598581,19.651649,-85.00
55.628581,19.651649,-82.00
55.658581,19.651649,-80.00
55.688581,19.651649,-77.00
55.718581,19.651649,-75.00
54.518581,19.681649,-19.00
54.548581,19.681649,-30.00
54.578581,19.681649,-33.00
54.608581,19.681649,-31.00
54.638581,19.681649,-28.00
54.668581,19.681649,-29.00
54.698581,19.681649,-31.00
54.728581,19.681649,-34.00
54.758581,19.681649,-45.00
54.788581,19.681649,-49.00
54.818581,19.681649,-54.00
54.848581,19.681649,-57.00
54.878581,19.681649,-60.00
54.908581,19.681649,-62.00
54.938581,19.681649,-62.00
54.968581,19.681649,-67.00
54.998581,19.681649,-70.00
55.028581,19.681649,-73.00
55.058581,19.681649,-76.00
55.088581,19.681649,-81.00
55.118581,19.681649,-84.00
55.148581,19.681649,-87.00
55.178581,19.681649,-91.00
55.208581,19.681649,-96.00
55.238581,19.681649,-100.00
55.268581,19.681649,-100.00
55.298581,19.681649,-100.00
55.328581,19.681649,-99.00
55.358581,19.681649,-98.00
55.388581,19.681649,-98.00
55.418581,19.681649,-97.00
55.448581,19.681649,-95.00
55.478581,19.681649,-94.00
55.508581,19.681649,-92.00
55.538581,19.681649,-91.00
55.568581,19.681649,-88.00
55.598581,19.681649,-85.00
55.628581,19.681649,-83.00
55.658581,19.681649,-81.00
55.688581,19.681649,-78.00
54.518581,19.711649,-9.00
54.548581,19.711649,-19.00
54.578581,19.711649,-24.00
54.608581,19.711649,-25.00
54.638581,19.711649,-27.00
54.668581,19.711649,-28.00
54.698581,19.711649,-29.00
54.728581,19.711649,-31.00
54.758581,19.711649,-36.00
54.788581,19.711649,-43.00
54.818581,19.711649,-48.00
54.848581,19.711649,-51.00
54.878581,19.711649,-55.00
54.908581,19.711649,-58.00
54.938581,19.711649,-55.00
54.968581,19.711649,-62.00
54.998581,19.711649,-66.00
55.028581,19.711649,-71.00
55.058581,19.711649,-75.00
55.088581,19.711649,-78.00
55.118581,19.711649,-80.00
55.148581,19.711649,-82.00
55.178581,19.711649,-85.00
55.208581,19.711649,-89.00
55.238581,19.711649,-93.00
55.268581,19.711649,-97.00
55.298581,19.711649,-99.00
55.328581,19.711649,-99.00
55.358581,19.711649,-98.00
55.388581,19.711649,-97.00
55.418581,19.711649,-97.00
55.448581,19.711649,-94.00
55.478581,19.711649,-93.00
55.508581,19.711649,-91.00
55.538581,19.711649,-90.00
55.568581,19.711649,-88.00
55.598581,19.711649,-85.00
55.628581,19.711649,-83.00
55.658581,19.711649,-80.00
55.688581,19.711649,-78.00
54.548581,19.741649,-13.00
54.578581,19.741649,-18.00
54.608581,19.741649,-22.00
54.638581,19.741649,-25.00
54.668581,19.741649,-27.00
54.698581,19.741649,-27.00
54.728581,19.741649,-29.00
54.758581,19.741649,-31.00
54.788581,19.741649,-34.00
54.818581,19.741649,-43.00
54.848581,19.741649,-47.00
54.878581,19.741649,-51.00
54.908581,19.741649,-51.00
54.938581,19.741649,-47.00
54.968581,19.741649,-55.00
54.998581,19.741649,-60.00
55.028581,19.741649,-67.00
55.058581,19.741649,-73.00
55.088581,19.741649,-75.00
55.118581,19.741649,-77.00
55.148581,19.741649,-77.00
55.178581,19.741649,-77.00
55.208581,19.741649,-76.00
55.238581,19.741649,-86.00
55.268581,19.741649,-89.00
55.298581,19.741649,-95.00
55.328581,19.741649,-98.00
55.358581,19.741649,-97.00
55.388581,19.741649,-95.00
55.418581,19.741649,-95.00
55.448581,19.741649,-93.00
55.478581,19.741649,-92.00
55.508581,19.741649,-92.00
55.538581,19.741649,-90.00
55.568581,19.741649,-88.00
55.598581,19.741649,-85.00
55.628581,19.741649,-83.00
55.658581,19.741649,-81.00
55.688581,19.741649,-79.00
54.578581,19.771649,-14.00
54.608581,19.771649,-18.00
54.638581,19.771649,-20.00
54.668581,19.771649,-25.00
54.698581,19.771649,-27.00
54.728581,19.771649,-26.00
54.758581,19.771649,-29.00
54.788581,19.771649,-30.00
54.818581,19.771649,-33.00
54.848581,19.771649,-39.00
54.878581,19.771649,-46.00
54.908581,19.771649,-48.00
54.938581,19.771649,-44.00
54.968581,19.771649,-49.00
54.998581,19.771649,-55.00
55.028581,19.771649,-64.00
55.058581,19.771649,-69.00
55.088581,19.771649,-73.00
55.118581,19.771649,-73.00
55.148581,19.771649,-73.00
55.178581,19.771649,-71.00
55.208581,19.771649,-69.00
55.238581,19.771649,-73.00
55.268581,19.771649,-81.00
55.298581,19.771649,-85.00
55.328581,19.771649,-94.00
55.358581,19.771649,-96.00
55.388581,19.771649,-94.00
55.418581,19.771649,-94.00
55.448581,19.771649,-93.00
55.478581,19.771649,-92.00
55.508581,19.771649,-90.00
55.538581,19.771649,-89.00
55.568581,19.771649,-87.00
55.598581,19.771649,-85.00
55.628581,19.771649,-83.00
55.658581,19.771649,-81.00
54.608581,19.801649,-15.00
54.638581,19.801649,-18.00
54.668581,19.801649,-22.00
54.698581,19.801649,-25.00
54.728581,19.801649,-26.00
54.758581,19.801649,-28.00
54.788581,19.801649,-28.00
54.818581,19.801649,-30.00
54.848581,19.801649,-33.00
54.878581,19.801649,-38.00
54.908581,19.801649,-43.00
54.938581,19.801649,-44.00
54.968581,19.801649,-46.00
54.998581,19.801649,-51.00
55.028581,19.801649,-59.00
55.058581,19.801649,-69.00
55.088581,19.801649,-71.00
55.118581,19.801649,-71.00
55.148581,19.801649,-70.00
55.178581,19.801649,-68.00
55.208581,19.801649,-66.00
55.238581,19.801649,-65.00
55.268581,19.801649,-77.00
55.298581,19.801649,-79.00
55.328581,19.801649,-92.00
55.358581,19.801649,-95.00
55.388581,19.801649,-95.00
55.418581,19.801649,-93.00
55.448581,19.801649,-92.00
55.478581,19.801649,-91.00
55.508581,19.801649,-90.00
55.538581,19.801649,-89.00
55.568581,19.801649,-87.00
55.598581,19.801649,-85.00
55.628581,19.801649,-83.00
55.658581,19.801649,-81.00
54.638581,19.831649,-15.00
54.668581,19.831649,-18.00
54.698581,19.831649,-22.00
54.728581,19.831649,-27.00
54.758581,19.831649,-26.00
54.788581,19.831649,-28.00
54.818581,19.831649,-25.00
54.848581,19.831649,-28.00
54.878581,19.831649,-31.00
54.908581,19.831649,-34.00
54.938581,19.831649,-39.00
54.968581,19.831649,-43.00
54.998581,19.831649,-46.00
55.028581,19.831649,-54.00
55.058581,19.831649,-65.00
55.088581,19.831649,-70.00
55.118581,19.831649,-70.00
55.148581,19.831649,-68.00
55.178581,19.831649,-67.00
55.208581,19.831649,-64.00
55.238581,19.831649,-62.00
55.268581,19.831649,-62.00
55.298581,19.831649,-81.00
55.328581,19.831649,-90.00
55.358581,19.831649,-94.00
55.388581,19.831649,-94.00
55.418581,19.831649,-93.00
55.448581,19.831649,-91.00
55.478581,19.831649,-90.00
55.508581,19.831649,-89.00
55.538581,19.831649,-88.00
55.568581,19.831649,-87.00
55.598581,19.831649,-84.00
55.628581,19.831649,-83.00
55.658581,19.831649,-81.00
54.668581,19.861649,-14.00
54.698581,19.861649,-19.00
54.728581,19.861649,-23.00
54.758581,19.861649,-24.00
54.788581,19.861649,-26.00
54.818581,19.861649,-25.00
54.848581,19.861649,-22.00
54.878581,19.861649,-23.00
54.908581,19.861649,-26.00
54.938581,19.861649,-32.00
54.968581,19.861649,-41.00
54.998581,19.861649,-46.00
55.028581,19.861649,-52.00
55.058581,19.861649,-63.00
55.088581,19.861649,-68.00
55.118581,19.861649,-67.00
55.148581,19.861649,-67.00
55.178581,19.861649,-67.00
55.208581,19.861649,-63.00
55.238581,19.861649,-61.00
55.268581,19.861649,-68.00
55.298581,19.861649,-77.00
55.328581,19.861649,-87.00
55.358581,19.861649,-92.00
55.388581,19.861649,-91.00
55.418581,19.861649,-91.00
55.448581,19.861649,-90.00
55.478581,19.861649,-89.00
55.508581,19.861649,-87.00
55.538581,19.861649,-87.00
55.568581,19.861649,-86.00
55.598581,19.861649,-84.00
55.628581,19.861649,-83.00
54.698581,19.891649,-15.00
54.728581,19.891649,-18.00
54.758581,19.891649,-21.00
54.788581,19.891649,-23.00
54.818581,19.891649,-22.00
54.848581,19.891649,-21.00
54.878581,19.891649,-12.00
54.908581,19.891649,-11.00
54.938581,19.891649,-27.00
54.968581,19.891649,-34.00
54.998581,19.891649,-43.00
55.028581,19.891649,-49.00
55.058581,19.891649,-61.00
55.088581,19.891649,-67.00
55.118581,19.891649,-66.00
55.148581,19.891649,-65.00
55.178581,19.891649,-65.00
55.208581,19.891649,-62.00
55.238581,19.891649,-63.00
55.268581,19.891649,-69.00
55.298581,19.891649,-73.00
55.328581,19.891649,-81.00
55.358581,19.891649,-89.00
55.388581,19.891649,-88.00
55.418581,19.891649,-89.00
55.448581,19.891649,-89.00
55.478581,19.891649,-88.00
55.508581,19.891649,-86.00
55.538581,19.891649,-86.00
55.568581,19.891649,-85.00
55.598581,19.891649,-85.00
55.628581,19.891649,-83.00
54.728581,19.921649,-11.00
54.758581,19.921649,-17.00
54.788581,19.921649,-18.00
54.818581,19.921649,-17.00
54.848581,19.921649,-15.00
54.878581,19.921649,-8.00
54.908581,19.921649,-9.00
54.938581,19.921649,-10.00
54.968581,19.921649,-24.00
54.998581,19.921649,-39.00
55.028581,19.921649,-45.00
55.058581,19.921649,-59.00
55.088581,19.921649,-65.00
55.118581,19.921649,-64.00
55.148581,19.921649,-64.00
55.178581,19.921649,-65.00
55.208581,19.921649,-64.00
55.238581,19.921649,-63.00
55.268581,19.921649,-66.00
55.298581,19.921649,-68.00
55.328581,19.921649,-71.00
55.358581,19.921649,-84.00
55.388581,19.921649,-83.00
55.418581,19.921649,-84.00
55.448581,19.921649,-86.00
55.478581,19.921649,-87.00
55.508581,19.921649,-85.00
55.538581,19.921649,-85.00
55.568581,19.921649,-85.00
55.598581,19.921649,-84.00
55.628581,19.921649,-83.00
54.788581,19.951649,-8.00
54.938581,19.951649,-8.00
54.968581,19.951649,-19.00
54.998581,19.951649,-30.00
55.028581,19.951649,-43.00
55.058581,19.951649,-57.00
55.088581,19.951649,-64.00
55.118581,19.951649,-64.00
55.148581,19.951649,-63.00
55.178581,19.951649,-64.00
55.208581,19.951649,-64.00
55.238581,19.951649,-65.00
55.268581,19.951649,-65.00
55.298581,19.951649,-67.00
55.328581,19.951649,-68.00
55.358581,19.951649,-79.00
55.388581,19.951649,-79.00
55.418581,19.951649,-79.00
55.448581,19.951649,-82.00
55.478581,19.951649,-84.00
55.508581,19.951649,-85.00
55.538581,19.951649,-84.00
55.568581,19.951649,-84.00
55.598581,19.951649,-83.00
54.968581,19.981649,-6.00
54.998581,19.981649,-25.00
55.028581,19.981649,-44.00
55.058581,19.981649,-57.00
55.088581,19.981649,-62.00
55.118581,19.981649,-62.00
55.148581,19.981649,-62.00
55.178581,19.981649,-62.00
55.208581,19.981649,-65.00
55.238581,19.981649,-64.00
55.268581,19.981649,-67.00
55.298581,19.981649,-66.00
55.328581,19.981649,-67.00
55.358581,19.981649,-75.00
55.388581,19.981649,-73.00
55.418581,19.981649,-75.00
55.448581,19.981649,-78.00
55.478581,19.981649,-81.00
55.508581,19.981649,-82.00
55.538581,19.981649,-83.00
55.568581,19.981649,-83.00
55.598581,19.981649,-82.00
54.968581,20.011649,-17.00
54.998581,20.011649,-25.00
55.028581,20.011649,-41.00
55.058581,20.011649,-55.00
55.088581,20.011649,-61.00
55.118581,20.011649,-61.00
55.148581,20.011649,-61.00
55.178581,20.011649,-61.00
55.208581,20.011649,-62.00
55.238581,20.011649,-63.00
55.268581,20.011649,-64.00
55.298581,20.011649,-64.00
55.328581,20.011649,-65.00
55.358581,20.011649,-71.00
55.388581,20.011649,-66.00
55.418581,20.011649,-65.00
55.448581,20.011649,-73.00
55.478581,20.011649,-77.00
55.508581,20.011649,-79.00
55.538581,20.011649,-81.00
55.568581,20.011649,-81.00
55.598581,20.011649,-81.00
54.968581,20.041649,-18.00
54.998581,20.041649,-24.00
55.028581,20.041649,-37.00
55.058581,20.041649,-53.00
55.088581,20.041649,-59.00
55.118581,20.041649,-60.00
55.148581,20.041649,-59.00
55.178581,20.041649,-60.00
55.208581,20.041649,-60.00
55.238581,20.041649,-61.00
55.268581,20.041649,-62.00
55.298581,20.041649,-59.00
55.328581,20.041649,-63.00
55.358581,20.041649,-66.00
55.388581,20.041649,-60.00
55.418581,20.041649,-59.00
55.448581,20.041649,-67.00
55.478581,20.041649,-73.00
55.508581,20.041649,-78.00
55.538581,20.041649,-80.00
55.568581,20.041649,-80.00
54.968581,20.071649,-20.00
54.998581,20.071649,-29.00
55.028581,20.071649,-36.00
55.058581,20.071649,-51.00
55.088581,20.071649,-58.00
55.118581,20.071649,-58.00
55.148581,20.071649,-58.00
55.178581,20.071649,-58.00
55.208581,20.071649,-58.00
55.238581,20.071649,-59.00
55.268581,20.071649,-59.00
55.298581,20.071649,-57.00
55.328581,20.071649,-61.00
55.358581,20.071649,-59.00
55.388581,20.071649,-55.00
55.418581,20.071649,-54.00
55.448581,20.071649,-60.00
55.478581,20.071649,-68.00
55.508581,20.071649,-76.00
55.538581,20.071649,-78.00
55.568581,20.071649,-79.00
54.968581,20.101649,-18.00
54.998581,20.101649,-29.00
55.028581,20.101649,-37.00
55.058581,20.101649,-49.00
55.088581,20.101649,-56.00
55.118581,20.101649,-56.00
55.148581,20.101649,-56.00
55.178581,20.101649,-56.00
55.208581,20.101649,-56.00
55.238581,20.101649,-57.00
55.268581,20.101649,-56.00
55.298581,20.101649,-55.00
55.328581,20.101649,-55.00
55.358581,20.101649,-56.00
55.388581,20.101649,-50.00
55.418581,20.101649,-50.00
55.448581,20.101649,-55.00
55.478581,20.101649,-61.00
55.508581,20.101649,-75.00
55.538581,20.101649,-76.00
54.968581,20.131649,-19.00
54.998581,20.131649,-28.00
55.028581,20.131649,-35.00
55.058581,20.131649,-47.00
55.088581,20.131649,-54.00
55.118581,20.131649,-54.00
55.148581,20.131649,-53.00
55.178581,20.131649,-53.00
55.208581,20.131649,-53.00
55.238581,20.131649,-54.00
55.268581,20.131649,-52.00
55.298581,20.131649,-52.00
55.328581,20.131649,-52.00
55.358581,20.131649,-50.00
55.388581,20.131649,-48.00
55.418581,20.131649,-50.00
55.448581,20.131649,-53.00
55.478581,20.131649,-57.00
55.508581,20.131649,-72.00
55.538581,20.131649,-75.00
54.968581,20.161649,-18.00
54.998581,20.161649,-27.00
55.028581,20.161649,-35.00
55.058581,20.161649,-46.00
55.088581,20.161649,-52.00
55.118581,20.161649,-53.00
55.148581,20.161649,-51.00
55.178581,20.161649,-51.00
55.208581,20.161649,-51.00
55.238581,20.161649,-51.00
55.268581,20.161649,-50.00
55.298581,20.161649,-49.00
55.328581,20.161649,-49.00
55.358581,20.161649,-46.00
55.388581,20.161649,-47.00
55.418581,20.161649,-47.00
55.448581,20.161649,-52.00
55.478581,20.161649,-55.00
55.508581,20.161649,-67.00
55.538581,20.161649,-73.00
54.968581,20.191649,-18.00
54.998581,20.191649,-26.00
55.028581,20.191649,-36.00
55.058581,20.191649,-44.00
55.088581,20.191649,-50.00
55.118581,20.191649,-51.00
55.148581,20.191649,-49.00
55.178581,20.191649,-50.00
55.208581,20.191649,-49.00
55.238581,20.191649,-49.00
55.268581,20.191649,-48.00
55.298581,20.191649,-47.00
55.328581,20.191649,-46.00
55.358581,20.191649,-45.00
55.388581,20.191649,-45.00
55.418581,20.191649,-45.00
55.448581,20.191649,-48.00
55.478581,20.191649,-53.00
55.508581,20.191649,-62.00
54.968581,20.221649,-16.00
54.998581,20.221649,-25.00
55.028581,20.221649,-33.00
55.058581,20.221649,-43.00
55.088581,20.221649,-48.00
55.118581,20.221649,-49.00
55.148581,20.221649,-48.00
55.178581,20.221649,-47.00
55.208581,20.221649,-48.00
55.238581,20.221649,-47.00
55.268581,20.221649,-46.00
55.298581,20.221649,-44.00
55.328581,20.221649,-43.00
55.358581,20.221649,-42.00
55.388581,20.221649,-44.00
55.418581,20.221649,-45.00
55.448581,20.221649,-46.00
55.478581,20.221649,-49.00
55.508581,20.221649,-59.00
54.968581,20.251649,-14.00
54.998581,20.251649,-23.00
55.028581,20.251649,-31.00
55.058581,20.251649,-40.00
55.088581,20.251649,-45.00
55.118581,20.251649,-46.00
55.148581,20.251649,-46.00
55.178581,20.251649,-45.00
55.208581,20.251649,-46.00
55.238581,20.251649,-46.00
55.268581,20.251649,-45.00
55.298581,20.251649,-43.00
55.328581,20.251649,-41.00
55.358581,20.251649,-40.00
55.388581,20.251649,-42.00
55.418581,20.251649,-46.00
55.448581,20.251649,-45.00
55.478581,20.251649,-48.00
55.508581,20.251649,-54.00
54.968581,20.281649,-13.00
54.998581,20.281649,-25.00
55.028581,20.281649,-30.00
55.058581,20.281649,-36.00
55.088581,20.281649,-44.00
55.118581,20.281649,-45.00
55.148581,20.281649,-46.00
55.178581,20.281649,-45.00
55.208581,20.281649,-44.00
55.238581,20.281649,-45.00
55.268581,20.281649,-43.00
55.298581,20.281649,-41.00
55.328581,20.281649,-38.00
55.358581,20.281649,-39.00
55.388581,20.281649,-41.00
55.418581,20.281649,-43.00
55.448581,20.281649,-46.00
55.478581,20.281649,-49.00
54.968581,20.311649,-16.00
54.998581,20.311649,-23.00
55.028581,20.311649,-28.00
55.058581,20.311649,-35.00
55.088581,20.311649,-42.00
55.118581,20.311649,-43.00
55.148581,20.311649,-44.00
55.178581,20.311649,-44.00
55.208581,20.311649,-44.00
55.238581,20.311649,-44.00
55.268581,20.311649,-43.00
55.298581,20.311649,-39.00
55.328581,20.311649,-36.00
55.358581,20.311649,-37.00
55.388581,20.311649,-40.00
55.418581,20.311649,-41.00
55.448581,20.311649,-48.00
55.478581,20.311649,-48.00
54.968581,20.341649,-18.00
54.998581,20.341649,-25.00
55.028581,20.341649,-28.00
55.058581,20.341649,-33.00
55.088581,20.341649,-39.00
55.118581,20.341649,-41.00
55.148581,20.341649,-42.00
55.178581,20.341649,-42.00
55.208581,20.341649,-44.00
55.238581,20.341649,-42.00
55.268581,20.341649,-41.00
55.298581,20.341649,-37.00
55.328581,20.341649,-36.00
55.358581,20.341649,-36.00
55.388581,20.341649,-38.00
55.418581,20.341649,-40.00
55.448581,20.341649,-46.00
55.478581,20.341649,-47.00
54.968581,20.371649,-17.00
54.998581,20.371649,-24.00
55.028581,20.371649,-28.00
55.058581,20.371649,-30.00
55.088581,20.371649,-35.00
55.118581,20.371649,-39.00
55.148581,20.371649,-39.00
55.178581,20.371649,-40.00
55.208581,20.371649,-41.00
55.238581,20.371649,-41.00
55.268581,20.371649,-39.00
55.298581,20.371649,-35.00
55.328581,20.371649,-35.00
55.358581,20.371649,-37.00
55.388581,20.371649,-38.00
55.418581,20.371649,-40.00
55.448581,20.371649,-43.00
54.968581,20.401649,-17.00
54.998581,20.401649,-23.00
55.028581,20.401649,-28.00
55.058581,20.401649,-28.00
55.088581,20.401649,-32.00
55.118581,20.401649,-35.00
55.148581,20.401649,-36.00
55.178581,20.401649,-37.00
55.208581,20.401649,-38.00
55.238581,20.401649,-37.00
55.268581,20.401649,-35.00
55.298581,20.401649,-33.00
55.328581,20.401649,-34.00
55.358581,20.401649,-37.00
55.388581,20.401649,-38.00
55.418581,20.401649,-40.00
55.448581,20.401649,-42.00
54.968581,20.431649,-15.00
54.998581,20.431649,-21.00
55.028581,20.431649,-29.00
55.058581,20.431649,-30.00
55.088581,20.431649,-31.00
55.118581,20.431649,-32.00
55.148581,20.431649,-34.00
55.178581,20.431649,-35.00
55.208581,20.431649,-36.00
55.238581,20.431649,-34.00
55.268581,20.431649,-31.00
55.298581,20.431649,-32.00
55.328581,20.431649,-34.00
55.358581,20.431649,-37.00
55.388581,20.431649,-39.00
55.418581,20.431649,-41.00
55.448581,20.431649,-40.00
54.968581,20.461649,-11.00
54.998581,20.461649,-19.00
55.028581,20.461649,-28.00
55.058581,20.461649,-30.00
55.088581,20.461649,-30.00
55.118581,20.461649,-31.00
55.148581,20.461649,-32.00
55.178581,20.461649,-33.00
55.208581,20.461649,-34.00
55.238581,20.461649,-30.00
55.268581,20.461649,-28.00
55.298581,20.461649,-30.00
55.328581,20.461649,-32.00
55.358581,20.461649,-37.00
55.388581,20.461649,-40.00
55.418581,20.461649,-41.00
54.998581,20.491649,-17.00
55.028581,20.491649,-25.00
55.058581,20.491649,-31.00
55.088581,20.491649,-28.00
55.118581,20.491649,-31.00
55.148581,20.491649,-31.00
55.178581,20.491649,-31.00
55.208581,20.491649,-31.00
55.238581,20.491649,-28.00
55.268581,20.491649,-27.00
55.298581,20.491649,-29.00
55.328581,20.491649,-32.00
55.358581,20.491649,-37.00
55.388581,20.491649,-39.00
55.418581,20.491649,-40.00
54.998581,20.521649,-14.00
55.028581,20.521649,-21.00
55.058581,20.521649,-28.00
55.088581,20.521649,-28.00
55.118581,20.521649,-28.00
55.148581,20.521649,-31.00
55.178581,20.521649,-30.00
55.208581,20.521649,-29.00
55.238581,20.521649,-27.00
55.268581,20.521649,-27.00
55.298581,20.521649,-28.00
55.328581,20.521649,-32.00
55.358581,20.521649,-37.00
55.388581,20.521649,-40.00
55.418581,20.521649,-35.00
54.998581,20.551649,-8.00
55.028581,20.551649,-18.00
55.058581,20.551649,-25.00
55.088581,20.551649,-29.00
55.118581,20.551649,-28.00
55.148581,20.551649,-30.00
55.178581,20.551649,-30.00
55.208581,20.551649,-28.00
55.238581,20.551649,-26.00
55.268581,20.551649,-26.00
55.298581,20.551649,-27.00
55.328581,20.551649,-31.00
55.358581,20.551649,-39.00
55.388581,20.551649,-38.00
55.028581,20.581649,-15.00
55.058581,20.581649,-23.00
55.088581,20.581649,-28.00
55.118581,20.581649,-29.00
55.148581,20.581649,-29.00
55.178581,20.581649,-29.00
55.208581,20.581649,-27.00
55.238581,20.581649,-26.00
55.268581,20.581649,-26.00
55.298581,20.581649,-29.00
55.328581,20.581649,-30.00
55.358581,20.581649,-37.00
55.388581,20.581649,-36.00
55.028581,20.611649,-8.00
55.058581,20.611649,-20.00
55.088581,20.611649,-25.00
55.118581,20.611649,-28.00
55.148581,20.611649,-28.00
55.178581,20.611649,-27.00
55.208581,20.611649,-24.00
55.238581,20.611649,-24.00
55.268581,20.611649,-25.00
55.298581,20.611649,-29.00
55.328581,20.611649,-29.00
55.358581,20.611649,-35.00
55.388581,20.611649,-36.00
55.058581,20.641649,-16.00
55.088581,20.641649,-22.00
55.118581,20.641649,-25.00
55.148581,20.641649,-29.00
55.178581,20.641649,-27.00
55.208581,20.641649,-24.00
55.238581,20.641649,-23.00
55.268581,20.641649,-25.00
55.298581,20.641649,-29.00
55.328581,20.641649,-30.00
55.358581,20.641649,-33.00
55.088581,20.671649,-18.00
55.118581,20.671649,-23.00
55.148581,20.671649,-25.00
55.178581,20.671649,-23.00
55.208581,20.671649,-23.00
55.238581,20.671649,-23.00
55.268581,20.671649,-26.00
55.298581,20.671649,-29.00
55.328581,20.671649,-29.00
55.358581,20.671649,-29.00
55.088581,20.701649,-11.00
55.118581,20.701649,-19.00
55.148581,20.701649,-21.00
55.178581,20.701649,-20.00
55.208581,20.701649,-22.00
55.238581,20.701649,-25.00
55.268581,20.701649,-27.00
55.298581,20.701649,-27.00
55.328581,20.701649,-27.00
55.358581,20.701649,-28.00
55.118581,20.731649,-13.00
55.148581,20.731649,-18.00
55.178581,20.731649,-19.00
55.208581,20.731649,-22.00
55.238581,20.731649,-25.00
55.268581,20.731649,-28.00
55.298581,20.731649,-28.00
55.328581,20.731649,-28.00
55.148581,20.761649,-14.00
55.178581,20.761649,-18.00
55.208581,20.761649,-21.00
55.238581,20.761649,-25.00
55.268581,20.761649,-24.00
55.298581,20.761649,-25.00
55.328581,20.761649,-25.00
55.178581,20.791649,-16.00
55.208581,20.791649,-22.00
55.238581,20.791649,-25.00
55.268581,20.791649,-26.00
55.298581,20.791649,-27.00
55.328581,20.791649,-28.00
55.178581,20.821649,-6.00
55.208581,20.821649,-20.00
55.238581,20.821649,-25.00
55.268581,20.821649,-25.00
55.298581,20.821649,-26.00
55.208581,20.851649,-12.00
55.238581,20.851649,-21.00
55.268581,20.851649,-27.00
55.298581,20.851649,-23.00
55.238581,20.881649,-14.00
55.268581,20.881649,-23.00
55.298581,20.881649,-21.00
55.268581,20.911649,-15.00
